image_width: 640
image_height: 480
camera_name: leo_camera
camera_matrix:
  rows: 3
  cols: 3
  data: [340.125829, 0.000000, 305.876356, 0.000000, 340.218367, 232.102630, 0.000000, 0.000000, 1.000000]
distortion_model: plumb_bob
distortion_coefficients:
  rows: 1
  cols: 5
  data: [-0.279817, 0.060321, 0.000487, 0.000310, 0.000000]
rectification_matrix:
  rows: 3
  cols: 3
  data: [1.000000, 0.000000, 0.000000, 0.000000, 1.000000, 0.000000, 0.000000, 0.000000, 1.000000]
projection_matrix:
  rows: 3
  cols: 4
  data: [229.593124, 0.000000, 306.592114, 0.000000, 0.000000, 230.163239, 232.805671, 0.000000, 0.000000, 0.000000, 1.000000, 0.000000]
